datadist2.exe data/pdbCAall.txt | sort -nk 2 | gawk -f cumcount.awk   
283 0.000000 1
282 3.801170 2
284 3.826758 3
31 4.466542 4
296 4.815318 5
30 4.837081 6
285 5.728584 7
294 5.759823 8
297 5.850147 9
295 5.853608 10
32 6.367378 11
281 7.270397 12
280 7.557985 13
286 7.715033 14
300 8.126788 15
29 8.204841 16
293 8.285052 17
298 8.353141 18
299 8.368689 19
287 8.395114 20
278 8.831456 21
276 8.862454 22
301 8.864868 23
33 8.974719 24
400 9.884814 25
289 9.893382 26
34 9.896886 27
302 10.176299 28
403 10.211641 29
279 10.233551 30
399 10.332208 31
277 10.374791 32
28 10.513926 33
396 10.869053 34
269 10.902964 35
288 11.118610 36
271 12.007329 37
292 12.039621 38
275 12.131511 39
270 12.191580 40
290 12.404466 41
363 12.454672 42
404 12.544766 43
364 12.642265 44
365 12.733134 45
303 12.830913 46
402 12.879758 47
362 13.252665 48
35 13.259381 49
397 13.274528 50
401 13.350515 51
366 13.400161 52
291 13.509918 53
274 13.545480 54
395 13.701804 55
398 13.792832 56
407 14.018042 57
268 14.019442 58
27 14.137071 59
304 14.358244 60
273 14.438189 61
392 14.555355 62
393 14.619290 63
406 14.684653 64
267 14.884281 65
272 14.974081 66
370 15.076305 67
36 15.470266 68
405 15.622895 69
368 15.754044 70
369 15.824589 71
394 16.210871 72
367 16.353210 73
359 16.714184 74
361 16.902995 75
371 17.117206 76
408 17.254314 77
37 17.339994 78
26 17.342301 79
372 17.503485 80
38 17.536680 81
360 17.747003 82
39 17.763926 83
266 17.884093 84
305 18.063674 85
13 18.066054 86
391 18.105379 87
389 18.143357 88
255 18.327538 89
14 18.420813 90
410 18.557560 91
257 18.665517 92
358 18.817780 93
409 19.230470 94
265 19.265687 95
256 19.304865 96
411 19.326982 97
374 19.413980 98
306 19.449628 99
390 19.458292 100
373 19.541096 101
259 19.803712 102
388 19.941944 103
376 19.993440 104
12 20.170485 105
15 20.292356 106
258 20.452726 107
254 20.632080 108
253 20.634618 109
40 20.651017 110
11 20.746233 111
375 20.901573 112
25 21.026582 113
356 21.693183 114
19 21.793343 115
357 21.802761 116
16 21.838139 117
20 21.885026 118
355 21.949237 119
262 21.955337 120
260 22.083282 121
261 22.172240 122
73 22.422110 123
41 22.443158 124
412 22.547632 125
75 22.568621 126
414 22.678901 127
307 22.864457 128
264 22.889160 129
387 22.934553 130
385 23.078499 131
23 23.149123 132
386 23.172485 133
377 23.303149 134
413 23.449549 135
21 23.482845 136
263 23.602355 137
74 23.627617 138
22 23.702346 139
76 23.842508 140
43 23.864564 141
252 23.881579 142
18 23.998453 143
10 24.296232 144
24 24.334733 145
100 24.372932 146
42 24.510864 147
379 24.533372 148
72 24.566935 149
101 24.584713 150
77 24.585811 151
17 24.671893 152
97 24.804436 153
415 24.894254 154
354 24.978477 155
45 25.250742 156
78 25.325452 157
380 25.411520 158
308 25.424701 159
378 25.526641 160
384 25.608020 161
47 26.076526 162
352 26.424247 163
309 26.542002 164
44 26.565973 165
251 26.588972 166
353 26.653641 167
46 26.910727 168
9 26.913214 169
382 27.037628 170
96 27.053179 171
93 27.295822 172
416 27.480379 173
71 27.500620 174
98 27.645930 175
417 27.706298 176
383 27.778737 177
310 27.897512 178
381 27.969697 179
99 27.985842 180
103 28.088912 181
94 28.152169 182
48 28.236910 183
351 28.263947 184
102 28.281301 185
418 28.322936 186
49 28.614369 187
79 28.875609 188
53 29.132286 189
80 29.603692 190
7 29.760857 191
95 29.986961 192
52 30.088943 193
250 30.369340 194
8 30.486082 195
104 30.499337 196
6 30.737567 197
350 30.815411 198
92 30.909652 199
349 31.000685 200
419 31.221759 201
70 31.244793 202
311 31.331000 203
328 31.383681 204
50 31.442402 205
51 31.874672 206
54 31.910354 207
348 32.005110 208
81 32.319259 209
5 32.322442 210
420 32.503937 211
91 32.782842 212
421 32.881493 213
327 32.945185 214
249 32.988188 215
69 33.131901 216
248 33.438778 217
312 33.557089 218
82 33.612377 219
325 33.842536 220
105 34.010815 221
56 34.071984 222
4 34.073219 223
55 34.182906 224
322 34.319256 225
347 34.594158 226
66 34.633053 227
329 34.687369 228
314 34.762604 229
422 35.081956 230
326 35.171675 231
320 35.183167 232
89 35.357197 233
345 35.758520 234
63 35.787806 235
90 35.812842 236
324 35.815105 237
57 36.124382 238
346 36.149210 239
321 36.199664 240
319 36.345609 241
62 36.388119 242
88 36.415498 243
68 36.482192 244
83 36.920788 245
247 36.996914 246
323 37.004519 247
67 37.036522 248
65 37.118101 249
423 37.263492 250
313 37.417489 251
106 37.561841 252
3 37.609077 253
165 37.654640 254
343 37.702590 255
424 37.860604 256
344 37.887883 257
163 37.993581 258
315 38.083897 259
330 38.088071 260
224 38.200015 261
246 38.381402 262
222 38.415554 263
162 38.580597 264
318 38.601160 265
223 38.724523 266
58 38.816479 267
425 38.941268 268
64 38.954127 269
317 38.981143 270
59 39.021572 271
60 39.170986 272
164 39.260478 273
221 39.311884 274
87 39.317771 275
220 39.614902 276
84 39.978276 277
61 40.104871 278
167 40.427248 279
107 40.450768 280
166 40.556914 281
86 40.680851 282
316 40.769894 283
342 40.975951 284
226 41.023235 285
2 41.075044 286
426 41.235817 287
225 41.354067 288
219 41.420760 289
161 41.604431 290
331 41.793349 291
245 41.820012 292
211 41.944602 293
196 42.273700 294
85 42.333400 295
341 42.596804 296
443 42.963998 297
427 43.010816 298
136 43.061093 299
212 43.107757 300
218 43.118653 301
227 43.126103 302
134 43.151674 303
168 43.271532 304
197 43.293689 305
160 43.624125 306
135 43.683036 307
428 43.705405 308
169 43.785025 309
217 43.798155 310
108 43.838963 311
332 43.856091 312
244 44.108204 313
442 44.207782 314
209 44.227855 315
126 44.263316 316
1 44.407621 317
125 44.683440 318
137 44.892224 319
210 44.914217 320
242 45.281859 321
429 45.433058 322
158 45.533440 323
460 45.537533 324
195 45.689079 325
208 45.712744 326
198 45.752492 327
444 45.772078 328
199 45.782261 329
127 45.784092 330
170 45.828363 331
461 46.020638 332
194 46.041602 333
133 46.138591 334
340 46.361092 335
229 46.405494 336
213 46.441106 337
128 46.540488 338
214 46.707635 339
243 46.776714 340
216 46.838132 341
215 46.876035 342
228 46.882387 343
159 46.901611 344
441 46.962443 345
109 47.006428 346
462 47.073330 347
430 47.265713 348
171 47.386805 349
193 47.387127 350
240 47.425606 351
192 47.528817 352
231 47.578222 353
333 47.603842 354
201 47.719161 355
241 47.755467 356
200 47.829619 357
0 47.857621 358
172 47.943281 359
110 47.978336 360
230 48.064418 361
124 48.357019 362
132 48.357268 363
431 48.408501 364
138 48.552966 365
457 48.569685 366
445 48.664911 367
459 48.692850 368
157 48.784468 369
123 49.175934 370
156 49.185390 371
207 49.357953 372
204 49.363636 373
440 49.378990 374
339 49.446399 375
439 49.515330 376
203 49.559142 377
239 49.669076 378
432 49.733774 379
129 49.765980 380
202 49.903065 381
191 49.941761 382
139 50.017357 383
131 50.153479 384
458 50.225939 385
232 50.241830 386
456 50.425504 387
233 50.468627 388
122 50.474054 389
190 50.582956 390
173 50.586205 391
334 50.646060 392
463 50.739865 393
206 50.757773 394
205 50.873331 395
130 50.999527 396
174 51.137747 397
111 51.479086 398
238 51.562378 399
155 51.663592 400
433 51.894729 401
121 52.318110 402
446 52.362001 403
112 52.580527 404
464 52.624836 405
438 52.957666 406
140 53.027382 407
189 53.109199 408
338 53.204845 409
234 53.205493 410
453 53.244737 411
154 53.442171 412
235 53.569794 413
455 53.865023 414
120 53.953891 415
335 54.088999 416
454 54.229380 417
437 54.240347 418
175 54.258176 419
434 54.266728 420
237 54.483694 421
447 54.692836 422
188 54.962481 423
119 55.041729 424
179 55.472378 425
153 55.696619 426
465 55.728698 427
466 55.776015 428
451 55.938625 429
141 55.952001 430
452 56.034582 431
113 56.037562 432
337 56.130974 433
236 56.184512 434
178 56.218359 435
435 56.458955 436
176 56.529657 437
436 56.783598 438
182 56.986189 439
187 57.134858 440
336 57.141013 441
152 57.570462 442
183 57.652985 443
114 57.868214 444
118 58.289136 445
450 58.330795 446
448 58.387126 447
177 58.686565 448
180 59.113355 449
151 59.352481 450
449 59.375234 451
467 59.555899 452
142 59.605484 453
117 59.689494 454
181 59.697592 455
149 60.024714 456
469 60.260227 457
186 60.339805 458
470 60.709598 459
184 60.745830 460
468 60.753764 461
185 60.930550 462
150 61.168766 463
473 61.320724 464
115 61.394305 465
143 62.049471 466
145 62.363150 467
474 62.512078 468
116 62.538606 469
148 62.955925 470
146 62.974450 471
476 63.407717 472
144 63.666744 473
147 64.177891 474
472 64.275740 475
471 64.335820 476
475 65.530661 477
