     100    1199    8100 exp2gB/dat_n100w100rand.txt
0 38.374326
1 20.860360
2 29.307782
3 36.229101
4 31.226799
5 38.542692
6 23.489531
7 34.178213
8 38.023094
9 23.833491
10 8.034751
11 21.378140
12 37.888297
13 33.067126
14 39.259446
15 40.146670
16 30.160661
17 39.034652
18 39.141313
19 34.102573
20 27.258295
21 30.565158
22 38.660484
23 45.310033
24 37.171879
25 7.559493
26 27.805786
27 16.958727
28 11.331845
29 0.000000
30 23.838762
31 14.564107
32 43.045710
33 6.638402
34 44.487071
35 35.849373
36 25.901920
37 22.480625
38 3.766656
39 21.690779
40 18.025622
41 16.373274
42 34.350859
43 23.833622
44 31.571565
45 25.603259
46 21.522987
47 18.084769
48 21.428986
49 36.246047
50 41.967101
51 11.108251
52 25.650530
53 40.850194
54 17.238585
55 3.793880
56 25.025448
57 22.159850
58 37.627871
59 29.451958
60 32.532019
61 18.245876
62 26.567510
63 23.725113
64 26.839988
65 20.263612
66 27.633964
67 26.838130
68 29.934187
69 24.986928
70 35.760089
71 21.530252
72 16.743037
73 26.745180
74 5.738816
75 25.452372
76 31.522807
77 33.291076
78 41.439850
79 31.954368
80 20.183899
81 35.947979
82 23.837537
83 41.928962
84 30.591983
85 14.245610
86 18.006026
87 28.584992
88 40.891329
89 41.011514
90 38.316492
91 35.187657
92 29.432599
93 30.478269
94 41.877084
95 27.880512
96 34.298457
97 31.149633
98 20.855706
99 32.356359
