PID Radius Cumulative Count 
1383 0.000000 1
1384 3.788014 2
1382 3.815473 3
1386 5.049165 4
1380 5.180752 5
1381 5.219994 6
1385 5.486437 7
1387 5.933945 8
1379 6.490130 9
408 7.976563 10
895 8.216820 11
407 8.309543 12
1388 8.460331 13
404 8.671001 14
1278 8.697171 15
1378 8.702011 16
411 9.221050 17
1389 9.960340 18
1377 9.966739 19
1277 10.071878 20
299 10.075986 21
1276 10.127329 22
892 10.173542 23
1279 10.343082 24
1390 10.440591 25
405 10.681115 26
891 10.683107 27
1376 10.731839 28
899 10.862694 29
896 11.010949 30
377 11.060599 31
894 11.222228 32
898 11.333621 33
376 11.389766 34
412 11.539867 35
410 11.672626 36
409 11.685898 37
406 11.721220 38
1391 11.825113 39
403 11.884611 40
298 12.301803 41
1263 12.311534 42
1280 12.328677 43
300 12.491560 44
1375 12.496608 45
374 12.538916 46
285 12.541791 47
893 12.725152 48
375 12.857715 49
1268 12.984768 50
401 13.000199 51
286 13.011279 52
415 13.116452 53
888 13.137488 54
301 13.290019 55
897 13.322462 56
400 13.342116 57
297 13.629119 58
414 13.756625 59
1275 13.827265 60
379 13.860798 61
378 13.933369 62
1264 13.989260 63
402 14.040341 64
1262 14.068824 65
1265 14.094597 66
1374 14.213158 67
902 14.326431 68
890 14.333483 69
1392 14.393026 70
889 14.511186 71
900 14.548184 72
413 14.560307 73
296 14.613948 74
371 14.835891 75
1009 15.045385 76
1283 15.186168 77
1393 15.349938 78
1373 15.389887 79
287 15.554834 80
887 15.566857 81
373 15.668725 82
903 15.670369 83
1269 15.755011 84
1267 15.779339 85
370 15.816019 86
901 15.818492 87
1281 15.932169 88
1274 16.059780 89
291 16.060785 90
372 16.071299 91
1394 16.071901 92
1008 16.148808 93
302 16.304320 94
284 16.379939 95
1282 16.393101 96
416 16.433319 97
788 16.445775 98
399 16.622858 99
1372 16.633891 100
293 16.648857 101
295 16.683189 102
1352 16.805479 103
1353 16.814425 104
790 16.859075 105
1270 16.923686 106
32 17.044387 107
1266 17.074720 108
380 17.077025 109
294 17.136340 110
31 17.198828 111
292 17.253745 112
1261 17.351290 113
397 17.365073 114
1347 17.368888 115
789 17.502526 116
1010 17.535725 117
1355 17.558249 118
1395 17.570262 119
418 17.629536 120
288 17.735755 121
995 17.794581 122
398 17.907129 123
885 18.134208 124
303 18.180535 125
1350 18.221364 126
886 18.242475 127
419 18.305200 128
884 18.325677 129
1351 18.336022 130
283 18.418298 131
417 18.443866 132
1371 18.471414 133
1284 18.484345 134
273 18.517690 135
993 18.521804 136
290 18.613315 137
994 18.619935 138
381 18.623756 139
382 18.629691 140
1273 18.648802 141
791 18.663020 142
906 18.696184 143
1271 18.847436 144
1285 18.874129 145
1011 18.920677 146
306 18.927060 147
775 18.965338 148
1354 18.966493 149
33 19.019570 150
904 19.034561 151
396 19.133554 152
369 19.155245 153
865 19.178233 154
367 19.232286 155
1346 19.237786 156
1349 19.276543 157
1348 19.353330 158
905 19.363683 159
1007 19.375129 160
1358 19.432318 161
774 19.516917 162
368 19.568616 163
282 19.612421 164
1396 19.613720 165
787 19.658649 166
780 19.811982 167
272 19.905244 168
1356 19.914916 169
1370 19.917740 170
1357 19.937280 171
1272 19.962702 172
289 20.047819 173
1359 20.318471 174
998 20.492558 175
1260 20.542884 176
274 20.559193 177
867 20.575787 178
308 20.586533 179
792 20.618114 180
507 20.668518 181
907 20.721759 182
305 20.725258 183
1250 20.733017 184
383 20.742056 185
280 20.746574 186
1252 20.873249 187
1397 20.883868 188
30 20.910208 189
992 20.972159 190
1259 20.982464 191
996 21.059991 192
1369 21.117821 193
883 21.126003 194
1257 21.201312 195
275 21.221348 196
304 21.236207 197
864 21.263185 198
861 21.321247 199
281 21.350238 200
786 21.353157 201
776 21.378181 202
307 21.380428 203
420 21.393954 204
1343 21.461212 205
866 21.505265 206
18 21.518668 207
781 21.576144 208
34 21.665060 209
1251 21.675304 210
997 21.735122 211
366 21.810098 212
1344 21.810661 213
395 21.873194 214
860 21.936375 215
863 22.027510 216
777 22.071585 217
1006 22.094537 218
1012 22.164672 219
1398 22.168200 220
1286 22.181853 221
795 22.277859 222
521 22.345928 223
17 22.349904 224
1345 22.388299 225
394 22.407838 226
520 22.519195 227
870 22.531113 228
782 22.556321 229
257 22.558117 230
422 22.626123 231
1258 22.704726 232
785 22.715598 233
506 22.725321 234
421 22.761100 235
1013 22.787177 236
393 22.801299 237
881 22.839277 238
16 22.861838 239
882 22.873435 240
1368 22.980578 241
779 22.995444 242
271 23.086365 243
868 23.114327 244
279 23.154074 245
862 23.203815 246
1253 23.227501 247
773 23.231316 248
29 23.332510 249
1249 23.360175 250
999 23.402575 251
1360 23.472174 252
908 23.479843 253
783 23.667910 254
309 23.696619 255
1256 23.704430 256
1005 23.727889 257
1399 23.734393 258
36 23.745892 259
1361 23.799022 260
505 23.851725 261
869 23.887007 262
508 23.894554 263
909 23.905209 264
365 23.926059 265
35 23.992222 266
258 24.011431 267
871 24.056290 268
794 24.098633 269
423 24.105915 270
784 24.121878 271
857 24.154596 272
259 24.185912 273
910 24.208180 274
793 24.268783 275
364 24.282785 276
991 24.283205 277
384 24.291409 278
797 24.343570 279
1254 24.380921 280
276 24.416256 281
1367 24.424364 282
880 24.540741 283
1000 24.576058 284
103 24.582965 285
15 24.665160 286
1342 24.706977 287
796 24.718769 288
778 24.745075 289
1255 24.836093 290
1365 24.868000 291
1287 24.936019 292
522 24.957528 293
256 24.958307 294
363 25.086611 295
19 25.191458 296
310 25.300053 297
510 25.335276 298
278 25.337798 299
385 25.343447 300
392 25.424418 301
28 25.494651 302
99 25.559067 303
858 25.567831 304
859 25.570026 305
1340 25.573476 306
1236 25.595110 307
255 25.630925 308
21 25.632390 309
277 25.676866 310
1400 25.685589 311
260 25.688534 312
1366 25.788616 313
1248 25.789238 314
772 25.895630 315
1237 25.953922 316
509 25.958411 317
519 25.960275 318
762 25.968216 319
1014 26.066570 320
1234 26.130424 321
1341 26.137187 322
1235 26.332773 323
37 26.349529 324
20 26.429309 325
102 26.527791 326
990 26.573241 327
75 26.579917 328
504 26.587298 329
911 26.613493 330
270 26.644406 331
389 26.709808 332
1238 26.791630 333
1401 26.883183 334
523 26.918635 335
764 26.938792 336
771 26.954653 337
424 27.011112 338
798 27.025761 339
1364 27.034576 340
856 27.041685 341
879 27.064481 342
1001 27.135620 343
261 27.146749 344
100 27.157532 345
1339 27.214230 346
1002 27.268683 347
1076 27.280919 348
391 27.284652 349
1004 27.291778 350
763 27.304603 351
74 27.367985 352
41 27.400776 353
1362 27.492960 354
96 27.521136 355
40 27.576538 356
362 27.588193 357
426 27.629719 358
390 27.669999 359
1080 27.708634 360
1015 27.731386 361
1288 27.748301 362
769 27.781525 363
872 27.787151 364
104 27.865634 365
425 27.868159 366
1402 27.911849 367
761 27.934753 368
1363 27.955034 369
518 28.165150 370
76 28.206654 371
14 28.217870 372
878 28.302602 373
95 28.355169 374
877 28.374829 375
311 28.533504 376
22 28.550842 377
45 28.574444 378
38 28.576619 379
23 28.589039 380
42 28.608213 381
1017 28.627639 382
1072 28.702889 383
77 28.721644 384
1073 28.723067 385
1079 28.738666 386
770 28.762767 387
912 28.792727 388
854 28.881969 389
511 28.910985 390
1289 28.920517 391
27 28.956692 392
386 28.967932 393
1233 28.982877 394
254 28.987358 395
361 29.049363 396
873 29.075664 397
913 29.090458 398
98 29.104097 399
39 29.126279 400
1018 29.192151 401
105 29.192778 402
799 29.246567 403
1290 29.252745 404
101 29.320991 405
1016 29.364883 406
853 29.370522 407
388 29.386743 408
855 29.425940 409
1247 29.432552 410
517 29.467761 411
1295 29.536209 412
512 29.576849 413
1239 29.589221 414
765 29.592217 415
1240 29.599766 416
44 29.611078 417
746 29.659720 418
387 29.703598 419
360 29.720035 420
1003 29.734243 421
914 29.748875 422
269 29.762300 423
78 29.768369 424
1077 29.809034 425
25 29.811612 426
524 29.832817 427
263 29.848501 428
262 29.849145 429
588 29.849975 430
1052 29.867712 431
13 29.933828 432
1403 29.960011 433
525 30.006986 434
43 30.085694 435
427 30.087836 436
768 30.127877 437
312 30.145333 438
747 30.172603 439
503 30.213464 440
1054 30.213554 441
97 30.214279 442
1232 30.227294 443
1338 30.264580 444
989 30.277178 445
585 30.294848 446
1075 30.309700 447
592 30.369038 448
748 30.424498 449
1055 30.464058 450
47 30.560419 451
1337 30.593561 452
24 30.678920 453
1053 30.791326 454
808 30.808991 455
318 30.920893 456
73 30.972511 457
760 31.007393 458
46 31.092862 459
584 31.116289 460
1336 31.183550 461
1019 31.195997 462
749 31.200157 463
766 31.237599 464
1057 31.256840 465
1081 31.310887 466
1051 31.444080 467
313 31.469302 468
1291 31.516279 469
1246 31.568466 470
1056 31.569730 471
1404 31.605814 472
359 31.616669 473
767 31.635692 474
589 31.651263 475
79 31.667498 476
1078 31.687979 477
876 31.694813 478
26 31.736350 479
800 31.790908 480
1074 31.837307 481
745 31.876678 482
265 32.063454 483
591 32.065392 484
253 32.067152 485
94 32.087523 486
93 32.219959 487
429 32.228047 488
744 32.246509 489
428 32.250976 490
514 32.251235 491
266 32.313235 492
1405 32.317781 493
1022 32.354337 494
48 32.420606 495
1071 32.460462 496
513 32.487353 497
915 32.559417 498
852 32.565161 499
264 32.598556 500
80 32.633839 501
874 32.655445 502
106 32.681359 503
875 32.683340 504
1296 32.690766 505
1070 32.697953 506
801 32.737484 507
516 32.796350 508
1241 32.870977 509
750 32.888337 510
502 32.888941 511
252 32.900173 512
267 32.938655 513
1020 32.939002 514
526 32.993230 515
55 32.995332 516
49 33.020330 517
587 33.067083 518
1082 33.122721 519
1242 33.134698 520
802 33.217626 521
358 33.346024 522
268 33.353454 523
1021 33.392650 524
430 33.410674 525
988 33.430394 526
12 33.554338 527
1335 33.585036 528
850 33.640004 529
586 33.671220 530
917 33.702403 531
1231 33.736092 532
1243 33.736549 533
916 33.750296 534
851 33.778509 535
593 33.811300 536
1024 33.968901 537
582 33.974655 538
319 34.003475 539
1300 34.019526 540
809 34.032128 541
1299 34.068272 542
1406 34.077930 543
72 34.081758 544
564 34.090488 545
314 34.131649 546
527 34.269447 547
1032 34.364258 548
590 34.371370 549
50 34.437512 550
1058 34.441541 551
1050 34.649143 552
1292 34.668977 553
583 34.702740 554
759 34.718325 555
357 34.722989 556
54 34.787127 557
529 34.795000 558
515 34.821467 559
1026 34.919958 560
56 34.960072 561
565 34.978275 562
1023 35.005945 563
563 35.097294 564
1244 35.136390 565
566 35.142135 566
530 35.168056 567
1334 35.213742 568
1245 35.239815 569
1025 35.276600 570
567 35.359010 571
743 35.377313 572
1031 35.419392 573
107 35.424795 574
986 35.441473 575
1297 35.502865 576
1059 35.660475 577
849 35.665017 578
82 35.746103 579
918 35.766607 580
528 35.779935 581
1027 35.799301 582
594 35.807289 583
985 35.811203 584
1333 35.827388 585
356 35.939525 586
92 35.978128 587
228 35.991437 588
1407 36.028471 589
51 36.063428 590
431 36.066247 591
1301 36.126524 592
322 36.135356 593
1314 36.136239 594
323 36.159215 595
803 36.164303 596
1033 36.164880 597
1069 36.175285 598
752 36.189315 599
337 36.202888 600
1298 36.205027 601
167 36.293169 602
501 36.308089 603
81 36.310315 604
751 36.315271 605
1230 36.369266 606
1083 36.393747 607
251 36.473302 608
1229 36.487716 609
531 36.525899 610
1028 36.532971 611
11 36.631870 612
987 36.650109 613
569 36.730925 614
166 36.799053 615
534 36.811941 616
227 36.894065 617
71 36.935690 618
169 36.988699 619
568 37.034210 620
812 37.102517 621
433 37.148629 622
320 37.162674 623
810 37.192311 624
53 37.196986 625
1293 37.208533 626
91 37.234735 627
432 37.257558 628
813 37.278003 629
984 37.293948 630
1408 37.300893 631
315 37.393058 632
1068 37.422626 633
758 37.459611 634
58 37.493469 635
1332 37.548511 636
581 37.586740 637
321 37.631717 638
52 37.679134 639
168 37.693474 640
9 37.757039 641
8 37.764403 642
226 37.768252 643
1029 37.777647 644
355 37.819114 645
544 37.833377 646
848 37.845021 647
533 37.889396 648
983 37.918428 649
1030 37.932338 650
1049 37.958583 651
1409 38.065945 652
1306 38.075788 653
532 38.084230 654
57 38.096507 655
742 38.124733 656
741 38.149418 657
59 38.154645 658
84 38.202010 659
536 38.329895 660
919 38.351789 661
230 38.366935 662
7 38.382704 663
1061 38.430815 664
562 38.433677 665
1060 38.570952 666
6 38.573529 667
338 38.573532 668
83 38.588820 669
1313 38.602297 670
811 38.607724 671
1315 38.613219 672
250 38.616308 673
847 38.640262 674
814 38.661418 675
324 38.671304 676
1205 38.697985 677
920 38.724127 678
336 38.767352 679
108 38.783395 680
68 38.807644 681
1305 38.826157 682
804 38.865287 683
1084 38.939967 684
1204 38.949665 685
717 38.951989 686
1067 38.952322 687
229 39.038345 688
595 39.088473 689
70 39.099233 690
754 39.127220 691
1034 39.179061 692
545 39.184591 693
535 39.217190 694
921 39.221212 695
354 39.229196 696
753 39.256395 697
1035 39.332757 698
90 39.421298 699
716 39.427143 700
1203 39.452080 701
543 39.488509 702
200 39.490208 703
580 39.500003 704
10 39.502028 705
225 39.547370 706
434 39.595855 707
846 39.634250 708
1331 39.705699 709
1146 39.719091 710
755 39.734456 711
537 39.765594 712
500 39.777021 713
165 39.779391 714
827 39.788165 715
570 39.852565 716
1302 39.881752 717
538 39.938585 718
1303 39.943797 719
1308 40.039975 720
170 40.058627 721
1144 40.068646 722
316 40.098244 723
1228 40.119563 724
231 40.163944 725
1036 40.205740 726
329 40.246478 727
69 40.248189 728
656 40.303001 729
715 40.316104 730
1304 40.346074 731
571 40.378529 732
1311 40.394391 733
201 40.399460 734
1048 40.421898 735
1410 40.488995 736
539 40.556742 737
497 40.560293 738
65 40.593259 739
171 40.602819 740
1307 40.617578 741
1202 40.618971 742
1294 40.773922 743
658 40.779134 744
335 40.810167 745
756 40.818314 746
224 40.863232 747
498 40.910771 748
982 40.934953 749
1330 40.994572 750
1045 40.997987 751
689 41.035029 752
757 41.041391 753
334 41.071716 754
353 41.137512 755
561 41.187010 756
60 41.192827 757
1312 41.251677 758
1145 41.255950 759
1143 41.271002 760
495 41.306268 761
596 41.364850 762
579 41.376580 763
655 41.398812 764
719 41.399818 765
85 41.489457 766
328 41.493225 767
1201 41.513003 768
740 41.524985 769
496 41.535413 770
1227 41.571669 771
1062 41.579455 772
714 41.666065 773
690 41.671902 774
845 41.676149 775
5 41.679525 776
109 41.718457 777
828 41.740887 778
326 41.759609 779
435 41.824918 780
657 41.907668 781
325 41.919199 782
1042 41.925003 783
67 41.976371 784
540 41.977105 785
249 41.978352 786
718 41.987577 787
436 41.987993 788
1207 42.002978 789
922 42.044972 790
1310 42.059794 791
1206 42.071986 792
815 42.083537 793
1411 42.083778 794
805 42.110276 795
1329 42.124570 796
331 42.137543 797
1047 42.171947 798
1177 42.224547 799
573 42.246842 800
64 42.253127 801
1066 42.273364 802
164 42.298643 803
1148 42.344072 804
339 42.344226 805
499 42.389523 806
1316 42.394493 807
542 42.402699 808
1147 42.407130 809
1037 42.471535 810
61 42.484724 811
1178 42.490971 812
330 42.504039 813
1085 42.532075 814
819 42.584655 815
546 42.593548 816
1046 42.605124 817
547 42.609828 818
333 42.672589 819
352 42.737646 820
816 42.744591 821
1412 42.750816 822
548 42.763639 823
223 42.767756 824
89 42.775708 825
826 42.796513 826
199 42.799553 827
437 42.861997 828
541 42.862441 829
572 42.895994 830
62 42.919416 831
818 42.959193 832
1200 42.993052 833
202 43.143604 834
1041 43.146506 835
327 43.168205 836
1328 43.240365 837
1309 43.297684 838
713 43.311778 839
924 43.311833 840
739 43.435574 841
659 43.461454 842
233 43.563479 843
66 43.609046 844
172 43.667534 845
981 43.668118 846
923 43.671492 847
560 43.686672 848
817 43.694519 849
232 43.705154 850
317 43.740974 851
844 43.748747 852
1039 43.751417 853
660 43.804275 854
691 43.829165 855
162 43.958159 856
720 43.978101 857
1413 44.028440 858
198 44.042867 859
203 44.061766 860
1044 44.091104 861
494 44.100905 862
1428 44.117664 863
4 44.146368 864
1038 44.243284 865
1065 44.327560 866
110 44.391728 867
654 44.426841 868
1142 44.487199 869
1208 44.525976 870
688 44.576910 871
692 44.593822 872
332 44.606934 873
597 44.634450 874
1226 44.667002 875
825 44.723564 876
173 44.783764 877
712 44.793234 878
925 44.814473 879
1427 44.847891 880
557 44.876148 881
88 44.890762 882
1179 44.896635 883
86 44.902530 884
1086 44.930882 885
1063 44.936298 886
578 44.964876 887
843 45.058385 888
1149 45.076733 889
1180 45.087240 890
574 45.135682 891
63 45.140272 892
452 45.149158 893
248 45.231748 894
559 45.241432 895
820 45.289086 896
1043 45.303029 897
163 45.366991 898
140 45.397149 899
806 45.408600 900
829 45.453067 901
549 45.468408 902
821 45.484073 903
824 45.514497 904
235 45.578446 905
197 45.642823 906
1317 45.688798 907
222 45.704975 908
1150 45.709197 909
438 45.718452 910
687 45.750792 911
1176 45.788146 912
234 45.812016 913
340 45.869574 914
558 45.885376 915
1199 45.922216 916
554 46.012489 917
1040 46.014211 918
1426 46.247150 919
493 46.263505 920
196 46.313704 921
823 46.318825 922
1192 46.333820 923
738 46.354743 924
246 46.373068 925
940 46.386386 926
722 46.415947 927
661 46.420339 928
451 46.435108 929
351 46.457299 930
138 46.491745 931
1175 46.509848 932
1064 46.524211 933
1327 46.536069 934
1414 46.568411 935
842 46.616195 936
87 46.737824 937
1141 46.747630 938
807 46.792473 939
139 46.831722 940
439 46.915280 941
1198 46.960074 942
686 46.960554 943
204 46.974667 944
174 46.980175 945
598 47.001954 946
653 47.016049 947
141 47.102961 948
161 47.103099 949
440 47.134618 950
939 47.167797 951
221 47.185961 952
1210 47.221376 953
721 47.229626 954
980 47.236209 955
662 47.261586 956
1415 47.327103 957
1117 47.367482 958
550 47.404334 959
1151 47.413679 960
577 47.415838 961
205 47.417349 962
469 47.445505 963
551 47.455483 964
693 47.487133 965
215 47.494739 966
1139 47.515763 967
553 47.516856 968
1087 47.523900 969
450 47.582374 970
471 47.591869 971
111 47.631525 972
1174 47.648779 973
1429 47.663926 974
1115 47.675135 975
160 47.679752 976
1181 47.720528 977
651 47.801887 978
926 47.818093 979
938 47.818171 980
1193 47.836777 981
1225 47.842308 982
685 47.850527 983
3 47.918690 984
1209 47.951501 985
1173 47.972897 986
1182 47.989122 987
711 48.005518 988
724 48.007949 989
470 48.111381 990
694 48.131174 991
112 48.169238 992
1318 48.185202 993
1416 48.261736 994
1212 48.268286 995
1326 48.270434 996
556 48.290521 997
927 48.305777 998
247 48.334589 999
1223 48.406250 1000
1190 48.444062 1001
822 48.508112 1002
1445 48.519626 1003
216 48.541516 1004
928 48.590159 1005
453 48.605971 1006
245 48.617050 1007
1116 48.627988 1008
244 48.643610 1009
575 48.662482 1010
341 48.690793 1011
723 48.703676 1012
1118 48.729647 1013
830 48.756748 1014
663 48.770773 1015
236 48.780996 1016
441 48.789382 1017
350 48.852231 1018
195 48.941671 1019
599 49.038009 1020
1189 49.053774 1021
1191 49.099079 1022
710 49.138166 1023
129 49.203114 1024
1211 49.225440 1025
555 49.280188 1026
1447 49.333943 1027
1424 49.378912 1028
175 49.418526 1029
1140 49.537210 1030
1425 49.545202 1031
1152 49.583827 1032
1446 49.609143 1033
652 49.620159 1034
1153 49.634390 1035
1106 49.689364 1036
237 49.699421 1037
737 49.705088 1038
629 49.795090 1039
576 49.845151 1040
1221 49.888073 1041
492 49.902378 1042
704 49.904807 1043
137 49.914928 1044
735 49.944900 1045
552 49.988383 1046
176 50.058486 1047
684 50.059157 1048
941 50.064174 1049
468 50.139876 1050
243 50.149227 1051
1105 50.179172 1052
1197 50.219702 1053
213 50.241113 1054
841 50.243363 1055
1430 50.254057 1056
1172 50.284755 1057
1417 50.294416 1058
1222 50.300964 1059
128 50.302996 1060
206 50.348714 1061
159 50.373894 1062
1138 50.426900 1063
1137 50.478354 1064
1183 50.507811 1065
214 50.507980 1066
650 50.550541 1067
1088 50.575667 1068
448 50.581586 1069
979 50.584527 1070
194 50.584718 1071
1224 50.586752 1072
1196 50.649648 1073
695 50.670932 1074
220 50.713094 1075
627 50.721101 1076
957 50.721215 1077
142 50.733014 1078
929 50.734447 1079
1195 50.742248 1080
649 50.792746 1081
454 50.794219 1082
1114 50.805792 1083
959 50.806551 1084
212 50.846763 1085
725 50.867734 1086
2 50.871638 1087
1185 50.913067 1088
630 50.957416 1089
936 50.970347 1090
1184 50.991898 1091
1213 51.060236 1092
207 51.105356 1093
130 51.128443 1094
1444 51.128485 1095
1089 51.135389 1096
449 51.151526 1097
472 51.156023 1098
1220 51.208813 1099
1194 51.238939 1100
664 51.295901 1101
131 51.302637 1102
665 51.367900 1103
218 51.368612 1104
937 51.420899 1105
702 51.456248 1106
1107 51.465019 1107
1214 51.475695 1108
958 51.481966 1109
831 51.521995 1110
705 51.540183 1111
442 51.540328 1112
733 51.562213 1113
219 51.563711 1114
701 51.563953 1115
208 51.569970 1116
1171 51.620736 1117
628 51.624906 1118
726 51.673204 1119
683 51.736297 1120
734 51.745813 1121
1187 51.746134 1122
113 51.857125 1123
696 51.901746 1124
466 51.904959 1125
1319 51.964113 1126
600 52.011519 1127
697 52.029035 1128
217 52.050867 1129
1108 52.116059 1130
342 52.130857 1131
1188 52.142493 1132
1119 52.166162 1133
601 52.172257 1134
840 52.202664 1135
942 52.266576 1136
143 52.280378 1137
443 52.298798 1138
1418 52.327085 1139
467 52.339073 1140
242 52.387994 1141
736 52.425901 1142
732 52.481304 1143
703 52.504527 1144
709 52.568645 1145
136 52.579084 1146
238 52.606668 1147
349 52.634182 1148
158 52.687797 1149
1154 52.747169 1150
210 52.789724 1151
1423 52.822658 1152
473 52.847046 1153
114 52.914926 1154
1136 52.958259 1155
1219 52.979683 1156
1419 52.991456 1157
491 53.061014 1158
1448 53.062440 1159
956 53.071753 1160
648 53.112115 1161
1186 53.133274 1162
193 53.162417 1163
930 53.178757 1164
1442 53.218535 1165
1155 53.240674 1166
708 53.256124 1167
699 53.269898 1168
177 53.286928 1169
931 53.315761 1170
447 53.345707 1171
1113 53.347996 1172
1120 53.378201 1173
618 53.384681 1174
465 53.466920 1175
211 53.586511 1176
1431 53.670921 1177
126 53.683646 1178
978 53.700046 1179
239 53.724459 1180
707 53.810250 1181
1325 53.847058 1182
1443 53.853111 1183
617 53.862263 1184
209 53.917378 1185
935 53.920842 1186
682 53.934376 1187
1103 53.952749 1188
1104 53.956315 1189
1170 53.985889 1190
127 54.005126 1191
178 54.014636 1192
626 54.055718 1193
1441 54.084052 1194
132 54.104200 1195
1 54.113000 1196
1215 54.151957 1197
727 54.168209 1198
731 54.197702 1199
700 54.204135 1200
631 54.304394 1201
1109 54.364248 1202
960 54.424111 1203
698 54.439807 1204
446 54.491940 1205
455 54.500952 1206
1449 54.547740 1207
125 54.613738 1208
1422 54.627310 1209
666 54.683956 1210
706 54.733887 1211
832 54.786200 1212
1090 54.897795 1213
144 54.903396 1214
1135 54.956845 1215
157 55.021550 1216
1320 55.073896 1217
135 55.089331 1218
1216 55.160263 1219
647 55.179278 1220
1102 55.185491 1221
474 55.238860 1222
667 55.267156 1223
1091 55.315976 1224
728 55.400220 1225
444 55.522855 1226
632 55.523894 1227
348 55.537141 1228
1112 55.538159 1229
954 55.541721 1230
241 55.565384 1231
619 55.617301 1232
934 55.627039 1233
475 55.635372 1234
955 55.642897 1235
343 55.666176 1236
133 55.694184 1237
961 55.791285 1238
839 55.868664 1239
124 55.888552 1240
1420 55.891669 1241
943 55.901312 1242
192 55.910654 1243
1432 55.953492 1244
602 55.967988 1245
1121 56.109365 1246
456 56.150188 1247
932 56.175048 1248
490 56.242893 1249
1169 56.280887 1250
464 56.282028 1251
603 56.310379 1252
134 56.328587 1253
1218 56.337373 1254
240 56.440828 1255
445 56.498478 1256
681 56.518355 1257
122 56.521426 1258
115 56.572965 1259
1156 56.628053 1260
953 56.629376 1261
620 56.750654 1262
1110 56.768626 1263
123 56.817399 1264
1101 56.828599 1265
1111 56.833891 1266
1324 56.899940 1267
463 56.933505 1268
625 56.949956 1269
1421 57.071206 1270
1134 57.078837 1271
1450 57.086739 1272
646 57.105033 1273
1451 57.150978 1274
1440 57.209462 1275
462 57.234425 1276
156 57.300587 1277
615 57.326222 1278
730 57.356558 1279
1438 57.533750 1280
977 57.544147 1281
1217 57.560076 1282
179 57.603011 1283
616 57.648223 1284
963 57.763646 1285
962 57.777853 1286
933 57.786538 1287
633 57.819345 1288
0 57.832647 1289
944 57.872405 1290
145 57.915166 1291
1439 57.946618 1292
1160 58.026080 1293
833 58.105936 1294
1100 58.122813 1295
1099 58.140323 1296
183 58.255455 1297
729 58.372133 1298
614 58.430015 1299
1321 58.485130 1300
838 58.504615 1301
344 58.553276 1302
116 58.593462 1303
460 58.596050 1304
668 58.675269 1305
1159 58.693188 1306
476 58.744262 1307
1122 58.759939 1308
1157 58.815601 1309
1092 58.845495 1310
1168 58.964101 1311
1133 59.022276 1312
191 59.049369 1313
182 59.053470 1314
680 59.074245 1315
347 59.085743 1316
624 59.317686 1317
645 59.349023 1318
186 59.352908 1319
461 59.412968 1320
1433 59.423040 1321
155 59.427108 1322
613 59.443953 1323
952 59.453315 1324
187 59.551043 1325
621 59.597090 1326
672 59.602499 1327
457 59.621501 1328
622 59.630861 1329
1436 59.787079 1330
1164 59.889792 1331
121 59.891373 1332
604 59.911914 1333
180 60.027654 1334
1163 60.030923 1335
489 60.042204 1336
611 60.086364 1337
1437 60.280859 1338
1452 60.418792 1339
1093 60.460133 1340
479 60.480208 1341
612 60.495187 1342
1323 60.511023 1343
950 60.529742 1344
477 60.584542 1345
634 60.584964 1346
669 60.632557 1347
951 60.677938 1348
120 60.723293 1349
623 60.758733 1350
478 60.794215 1351
964 60.811755 1352
153 60.874303 1353
1132 60.902712 1354
671 60.972773 1355
945 60.986787 1356
1158 61.123590 1357
1434 61.126043 1358
458 61.128988 1359
644 61.181147 1360
676 61.239832 1361
834 61.340111 1362
948 61.385363 1363
154 61.413257 1364
1098 61.447971 1365
1462 61.470123 1366
482 61.518279 1367
146 61.572240 1368
675 61.643434 1369
605 61.659677 1370
1455 61.662297 1371
459 61.759721 1372
1161 61.764458 1373
1322 61.776476 1374
1130 61.816695 1375
346 61.836450 1376
184 61.858595 1377
1454 61.935456 1378
486 61.993772 1379
1435 62.009743 1380
1458 62.044846 1381
967 62.057408 1382
181 62.066553 1383
190 62.080458 1384
345 62.156695 1385
1167 62.166161 1386
1453 62.198722 1387
117 62.214894 1388
837 62.251079 1389
1097 62.264627 1390
483 62.291872 1391
1123 62.349937 1392
185 62.365516 1393
1162 62.434408 1394
679 62.499368 1395
1459 62.539036 1396
974 62.568612 1397
188 62.671666 1398
949 62.701883 1399
642 62.755120 1400
966 62.764495 1401
1165 62.793768 1402
1131 62.798510 1403
970 62.874645 1404
965 62.935094 1405
971 63.056710 1406
946 63.066705 1407
673 63.174278 1408
1166 63.203813 1409
610 63.222185 1410
189 63.313054 1411
670 63.313304 1412
643 63.475944 1413
152 63.672566 1414
609 63.710499 1415
147 63.723261 1416
677 63.856145 1417
1094 63.977208 1418
678 63.990999 1419
635 64.029927 1420
947 64.046313 1421
1461 64.055330 1422
480 64.086474 1423
1463 64.131143 1424
119 64.161536 1425
1129 64.343586 1426
674 64.349894 1427
487 64.504369 1428
836 64.512642 1429
485 64.515584 1430
118 64.669082 1431
481 64.669169 1432
1124 64.721939 1433
975 64.992667 1434
606 65.058732 1435
835 65.083171 1436
1456 65.133511 1437
1457 65.236131 1438
973 65.351469 1439
641 65.357046 1440
149 65.456232 1441
968 65.563758 1442
1127 65.664544 1443
1126 65.712379 1444
1460 65.758584 1445
484 65.769602 1446
1096 65.798777 1447
151 65.902750 1448
150 66.069549 1449
969 66.281090 1450
1128 66.463830 1451
1095 66.464152 1452
148 66.468055 1453
972 66.513300 1454
636 66.550666 1455
488 66.971993 1456
1464 66.981712 1457
1125 67.092434 1458
608 67.111548 1459
639 67.328782 1460
607 67.617338 1461
640 67.692161 1462
638 67.732039 1463
976 67.823732 1464
637 69.042376 1465
